subject_id,trait_anxiety,age,sex
sub-001,55.41114205125555,36,F
sub-002,36.992706095854075,29,F
sub-003,69.03801408504053,39,F
sub-004,48.946260754217164,27,M
sub-005,47.916889131607036,24,M
sub-006,42.6880153695023,30,F
sub-007,59.03870678601469,36,M
sub-008,48.883870272402916,38,M
sub-009,51.01260633691409,33,F
sub-010,40.99250958925453,42,F
sub-011,67.58872894606208,19,M
sub-012,58.863010169403815,42,F
sub-013,67.98532442483116,32,F
sub-014,39.861474166038455,42,M
sub-015,49.71071826377213,20,F
sub-016,34.707754828376665,24,F
sub-017,62.489455248785696,40,M
sub-018,50.76606968177723,19,F
sub-019,21.74551538246288,18,M
sub-020,56.947029594739504,22,F
sub-021,69.91468574684146,25,M
sub-022,72.35114275962883,23,F
sub-023,39.718335340596894,22,F
sub-024,59.33921883310802,22,F
sub-025,39.88408093412249,43,F
sub-026,46.11230743498933,25,M
sub-027,68.18039697523949,32,M
sub-028,37.613043740813396,35,F
sub-029,53.7952052447751,37,F
sub-030,64.63078377649035,33,M
sub-031,51.95847615176857,21,F
sub-032,38.957952190064816,31,F
sub-033,33.39299133472281,18,M
sub-034,62.47977395379728,40,M
sub-035,38.600422313191444,33,M
sub-036,53.44695810802432,24,F
sub-037,52.21509943243378,33,M
sub-038,57.73197506895549,23,M
sub-039,42.04873947151541,36,F
sub-040,49.02357324616192,32,M
